1.00 2.50
1.00 2.50
1.00 2.50
0.99 2.51
0.99 2.51
0.99 2.51
0.99 2.51
0.99 2.51
0.99 2.51
0.98 2.52
0.98 2.52
0.97 2.53
0.97 2.53
0.97 2.53
0.96 2.54
0.96 2.54
0.96 2.54
0.96 2.54
0.95 2.55
0.95 2.55
0.95 2.55
0.95 2.55
0.94 2.56
0.94 2.56
0.94 2.56
0.94 2.56
0.93 2.57
0.93 2.57
0.92 2.58
0.92 2.58
0.92 2.58
0.91 2.59
0.91 2.59
0.91 2.59
0.90 2.60
0.90 2.60
0.90 2.60
0.90 2.60
0.89 2.61
0.89 2.61
0.89 2.61
0.89 2.61
0.88 2.62
0.88 2.62
0.88 2.62
0.87 2.63
0.87 2.63
0.87 2.63
0.86 2.64
0.86 2.64
0.86 2.64
0.86 2.64
0.85 2.65
0.85 2.65
0.85 2.65
0.85 2.65
0.84 2.66
0.84 2.66
0.84 2.66
0.84 2.66
0.83 2.67
0.83 2.67
0.83 2.67
0.82 2.68
0.82 2.68
0.82 2.68
0.81 2.69
0.81 2.69
0.81 2.69
0.81 2.69
0.80 2.70
0.80 2.70
0.80 2.70
0.80 2.70
0.79 2.71
0.79 2.71
0.79 2.71
0.79 2.71
0.78 2.72
0.78 2.72
0.78 2.72
0.78 2.72
0.77 2.73
0.77 2.73
0.77 2.73
0.77 2.73
0.76 2.74
0.76 2.74
0.76 2.74
0.76 2.74
0.75 2.75
0.75 2.75
0.74 2.76
0.74 2.76
0.74 2.76
0.74 2.76
0.73 2.77
0.73 2.77
0.73 2.77
0.73 2.77
0.72 2.78
0.72 2.78
0.72 2.78
0.72 2.78
0.72 2.78
0.71 2.79
0.71 2.79
0.71 2.79
0.71 2.79
0.70 2.80
0.70 2.80
0.70 2.80
0.70 2.80
0.69 2.81
0.69 2.81
0.69 2.81
0.69 2.81
0.68 2.82
0.68 2.82
0.68 2.82
0.68 2.82
0.67 2.83
0.67 2.83
0.67 2.83
0.66 2.84
0.66 2.84
0.66 2.84
0.66 2.84
0.66 2.84
0.65 2.85
0.65 2.85
0.65 2.85
0.65 2.85
0.64 2.86
0.64 2.86
0.64 2.86
0.64 2.86
0.63 2.87
0.63 2.87
0.63 2.87
0.63 2.87
0.63 2.87
0.62 2.88
0.62 2.88
0.62 2.88
0.62 2.88
0.61 2.89
0.61 2.89
0.61 2.89
0.61 2.89
0.60 2.90
0.60 2.90
0.60 2.90
0.60 2.90
0.59 2.91
0.59 2.91
0.59 2.91
0.59 2.91
0.59 2.91
0.58 2.92
0.58 2.92
0.58 2.92
0.58 2.92
0.57 2.93
0.57 2.93
0.57 2.93
0.57 2.93
0.57 2.93
0.56 2.94
0.56 2.94
0.56 2.94
0.56 2.94
0.55 2.95
0.55 2.95
0.55 2.95
0.55 2.95
0.55 2.95
0.54 2.96
0.54 2.96
0.54 2.96
0.54 2.96
0.54 2.96
0.53 2.97
0.53 2.97
0.53 2.97
0.53 2.97
0.52 2.98
0.52 2.98
0.52 2.98
0.52 2.98
0.52 2.98
0.51 2.99
0.51 2.99
0.51 2.99
0.51 2.99
0.50 3.00
0.50 3.00
0.50 3.00
0.50 3.00
0.50 3.00
0.49 3.01
0.49 3.01
0.49 3.01
0.49 3.01
0.49 3.01
0.48 3.02
0.48 3.02
0.48 3.02
0.48 3.02
0.48 3.02
0.47 3.03
0.47 3.03
0.47 3.03
0.47 3.03
0.47 3.03
0.46 3.04
0.46 3.04
0.46 3.04
0.46 3.04
0.46 3.04
0.45 3.05
0.45 3.05
0.45 3.05
0.45 3.05
0.45 3.05
0.44 3.06
0.44 3.06
0.44 3.06
0.44 3.06
0.44 3.06
0.43 3.07
0.43 3.07
0.43 3.07
0.43 3.07
0.43 3.07
0.42 3.08
0.42 3.08
0.42 3.08
0.42 3.08
0.42 3.08
0.42 3.08
0.41 3.09
0.41 3.09
0.41 3.09
0.41 3.09
0.41 3.09
0.40 3.10
0.40 3.10
0.40 3.10
0.40 3.10
0.40 3.10
0.39 3.11
0.39 3.11
0.39 3.11
0.39 3.11
0.39 3.11
0.38 3.12
0.38 3.12
0.38 3.12
0.38 3.12
0.38 3.12
0.38 3.12
0.37 3.13
0.37 3.13
0.37 3.13
0.37 3.13
0.37 3.13
0.37 3.13
0.36 3.14
0.36 3.14
0.36 3.14
0.36 3.14
0.36 3.14
0.36 3.14
0.35 3.15
0.35 3.15
0.35 3.15
0.35 3.15
0.35 3.15
0.34 3.16
0.34 3.16
0.34 3.16
0.34 3.16
0.34 3.16
0.33 3.17
0.33 3.17
0.33 3.17
0.33 3.17
0.33 3.17
0.33 3.17
0.33 3.17
0.32 3.18
0.32 3.18
0.32 3.18
0.32 3.18
0.32 3.18
0.32 3.18
0.31 3.19
0.31 3.19
0.31 3.19
0.31 3.19
0.31 3.19
0.31 3.19
0.31 3.19
0.30 3.20
0.30 3.20
0.30 3.20
0.30 3.20
0.30 3.20
0.29 3.21
0.29 3.21
0.29 3.21
0.29 3.21
0.29 3.21
0.29 3.21
0.29 3.21
0.28 3.22
0.28 3.22
0.28 3.22
0.28 3.22
0.28 3.22
0.28 3.22
0.28 3.22
0.27 3.23
0.27 3.23
0.27 3.23
0.27 3.23
0.27 3.23
0.27 3.23
0.26 3.24
0.26 3.24
0.26 3.24
0.26 3.24
0.26 3.24
0.26 3.24
0.26 3.24
0.25 3.25
0.25 3.25
0.25 3.25
0.25 3.25
0.25 3.25
0.25 3.25
0.25 3.25
0.24 3.26
0.24 3.26
0.24 3.26
0.24 3.26
0.24 3.26
0.24 3.26
0.24 3.26
0.23 3.27
0.23 3.27
0.23 3.27
0.23 3.27
0.23 3.27
0.23 3.27
0.23 3.27
0.22 3.28
0.22 3.28
0.22 3.28
0.22 3.28
0.22 3.28
0.22 3.28
0.22 3.28
0.22 3.28
0.21 3.29
0.21 3.29
0.21 3.29
0.21 3.29
0.21 3.29
0.21 3.29
0.21 3.29
0.20 3.30
0.20 3.30
0.20 3.30
0.20 3.30
0.20 3.30
0.20 3.30
0.20 3.30
0.20 3.30
0.19 3.31
0.19 3.31
0.19 3.31
0.19 3.31
0.19 3.31
0.19 3.31
0.19 3.31
0.19 3.31
0.19 3.31
0.18 3.32
0.18 3.32
0.18 3.32
0.18 3.32
0.18 3.32
0.18 3.32
0.18 3.32
0.18 3.32
0.18 3.32
0.17 3.33
0.17 3.33
0.17 3.33
0.17 3.33
0.17 3.33
0.17 3.33
0.17 3.33
0.17 3.33
0.16 3.34
0.16 3.34
0.16 3.34
0.16 3.34
0.16 3.34
0.16 3.34
0.16 3.34
0.16 3.34
0.16 3.34
0.15 3.35
0.15 3.35
0.15 3.35
0.15 3.35
0.15 3.35
0.15 3.35
0.15 3.35
0.15 3.35
0.15 3.35
0.15 3.35
0.14 3.36
0.14 3.36
0.14 3.36
0.14 3.36
0.14 3.36
0.14 3.36
0.14 3.36
0.14 3.36
0.14 3.36
0.13 3.37
0.13 3.37
0.13 3.37
0.13 3.37
0.13 3.37
0.13 3.37
0.13 3.37
0.13 3.37
0.13 3.37
0.13 3.37
0.12 3.38
0.12 3.38
0.12 3.38
0.12 3.38
0.12 3.38
0.12 3.38
0.12 3.38
0.12 3.38
0.12 3.38
0.12 3.38
0.12 3.38
0.11 3.39
0.11 3.39
0.11 3.39
0.11 3.39
0.11 3.39
0.11 3.39
0.11 3.39
0.11 3.39
0.11 3.39
0.11 3.39
0.11 3.39
0.10 3.40
0.10 3.40
0.10 3.40
0.10 3.40
0.10 3.40
0.10 3.40
0.10 3.40
0.10 3.40
0.10 3.40
0.10 3.40
0.10 3.40
0.10 3.40
0.10 3.40
0.09 3.41
0.09 3.41
0.09 3.41
0.09 3.41
0.09 3.41
0.09 3.41
0.09 3.41
0.09 3.41
0.09 3.41
0.09 3.41
0.09 3.41
0.09 3.41
0.09 3.41
0.09 3.41
0.08 3.42
0.08 3.42
0.08 3.42
0.08 3.42
0.08 3.42
0.08 3.42
0.08 3.42
0.08 3.42
0.08 3.42
0.08 3.42
0.08 3.42
0.08 3.42
0.08 3.42
0.08 3.42
0.07 3.43
0.07 3.43
0.07 3.43
0.07 3.43
0.07 3.43
0.07 3.43
0.07 3.43
0.07 3.43
0.07 3.43
0.07 3.43
0.07 3.43
0.07 3.43
0.07 3.43
0.07 3.43
0.07 3.43
0.07 3.43
0.07 3.43
0.06 3.44
0.06 3.44
0.06 3.44
0.06 3.44
0.06 3.44
0.06 3.44
0.06 3.44
0.06 3.44
0.06 3.44
0.06 3.44
0.06 3.44
0.06 3.44
0.06 3.44
0.06 3.44
0.06 3.44
0.06 3.44
0.06 3.44
0.06 3.44
0.06 3.44
0.06 3.44
0.05 3.45
0.05 3.45
0.05 3.45
0.05 3.45
0.05 3.45
0.05 3.45
0.05 3.45
0.05 3.45
0.05 3.45
0.05 3.45
0.05 3.45
0.05 3.45
0.05 3.45
0.05 3.45
0.05 3.45
0.05 3.45
0.05 3.45
0.05 3.45
0.05 3.45
0.05 3.45
0.04 3.46
0.04 3.46
0.04 3.46
0.04 3.46
0.04 3.46
0.04 3.46
0.04 3.46
0.04 3.46
0.04 3.46
0.04 3.46
0.04 3.46
0.04 3.46
0.04 3.46
0.04 3.46
0.04 3.46
0.04 3.46
0.04 3.46
0.04 3.46
0.04 3.46
0.04 3.46
0.04 3.46
0.04 3.46
0.04 3.46
0.04 3.46
0.04 3.46
0.03 3.47
0.03 3.47
0.03 3.47
0.03 3.47
0.03 3.47
0.03 3.47
0.03 3.47
0.03 3.47
0.03 3.47
0.03 3.47
0.03 3.47
0.03 3.47
0.03 3.47
0.03 3.47
0.03 3.47
0.03 3.47
0.03 3.47
0.03 3.47
0.03 3.47
0.03 3.47
0.03 3.47
0.03 3.47
0.03 3.47
0.03 3.47
0.03 3.47
0.03 3.47
0.03 3.47
0.03 3.47
0.03 3.47
0.03 3.47
0.03 3.47
0.03 3.47
0.03 3.47
0.03 3.47
0.03 3.47
0.03 3.47
0.02 3.48
0.02 3.48
0.02 3.48
0.02 3.48
0.02 3.48
0.02 3.48
0.02 3.48
0.02 3.48
0.02 3.48
0.02 3.48
0.02 3.48
0.02 3.48
0.02 3.48
0.02 3.48
0.02 3.48
0.02 3.48
0.02 3.48
0.02 3.48
0.02 3.48
0.02 3.48
0.02 3.48
0.02 3.48
0.02 3.48
0.02 3.48
0.02 3.48
0.02 3.48
0.02 3.48
0.02 3.48
0.02 3.48
0.02 3.48
0.02 3.48
0.02 3.48
0.02 3.48
0.02 3.48
0.02 3.48
0.02 3.48
0.02 3.48
0.02 3.48
0.02 3.48
0.02 3.48
0.02 3.48
0.02 3.48
0.02 3.48
0.02 3.48
0.02 3.48
0.02 3.48
0.02 3.48
0.02 3.48
0.02 3.48
0.01 3.49
0.01 3.49
0.01 3.49
0.01 3.49
0.01 3.49
0.01 3.49
0.01 3.49
0.01 3.49
0.01 3.49
0.01 3.49
0.01 3.49
0.01 3.49
0.01 3.49
0.01 3.49
0.01 3.49
0.01 3.49
0.01 3.49
0.01 3.49
0.01 3.49
0.01 3.49
0.01 3.49
0.01 3.49
0.01 3.49
0.01 3.49
0.01 3.49
0.01 3.49
0.01 3.49
0.01 3.49
0.01 3.49
0.01 3.49
0.01 3.49
0.01 3.49
0.01 3.49
0.01 3.49
0.01 3.49
0.01 3.49
0.01 3.49
0.01 3.49
0.01 3.49
0.01 3.49
0.01 3.49
0.01 3.49
0.01 3.49
0.01 3.49
0.01 3.49
0.01 3.49
0.01 3.49
0.01 3.49
0.01 3.49
0.01 3.49
0.01 3.49
0.01 3.49
0.01 3.49
0.01 3.49
0.01 3.49
0.01 3.49
0.01 3.49
0.01 3.49
0.01 3.49
0.01 3.49
0.01 3.49
0.01 3.49
0.01 3.49
0.01 3.49
0.01 3.49
0.01 3.49
0.01 3.49
0.01 3.49
0.01 3.49
0.01 3.49
0.01 3.49
0.01 3.49
0.01 3.49
0.01 3.49
0.01 3.49
0.01 3.49
0.01 3.49
0.01 3.49
0.01 3.49
0.01 3.49
0.01 3.49
0.01 3.49
0.01 3.49
0.01 3.49
0.01 3.49
0.01 3.49
0.01 3.49
0.01 3.49
0.01 3.49
0.01 3.49
0.01 3.49
0.01 3.49
0.01 3.49
0.01 3.49
0.01 3.49
0.01 3.49
0.01 3.49
0.01 3.49
0.01 3.49
0.01 3.49
0.01 3.49
0.01 3.49
0.01 3.49
0.01 3.49
0.01 3.49
0.01 3.49
0.01 3.49
0.01 3.49
0.01 3.49
0.01 3.49
0.01 3.49
0.01 3.49
0.01 3.49
0.01 3.49
0.01 3.49
0.01 3.49
0.01 3.49
0.01 3.49
0.02 3.48